{"metadata":{"kernelspec":{"language":"python","display_name":"Python 3","name":"python3"},"language_info":{"name":"python","version":"3.10.12","mimetype":"text/x-python","codemirror_mode":{"name":"ipython","version":3},"pygments_lexer":"ipython3","nbconvert_exporter":"python","file_extension":".py"},"kaggle":{"accelerator":"nvidiaTeslaT4","dataSources":[{"sourceId":91328,"databundleVersionId":10789290,"sourceType":"competition"},{"sourceId":10587164,"sourceType":"datasetVersion","datasetId":6547631}],"dockerImageVersionId":30840,"isInternetEnabled":true,"language":"python","sourceType":"notebook","isGpuEnabled":true}},"nbformat_minor":4,"nbformat":4,"cells":[{"cell_type":"markdown","source":"https://github.com/sethih10/Interpreting-Heat-Wave-Equation-using-LLM.git","metadata":{}},{"cell_type":"markdown","source":"# Note - The data is generated using Finite Element Method which can be found in the data generation file. Here we are just loading the generated data.","metadata":{}},{"cell_type":"markdown","source":"Initially, I created a dataset which contains prompt with vtk data as text data and response. Later, I tried to finetune it but given the length of text, it was difficult to finetune and do inference. However, I have written the approach which I initially used. As submission, I have made a minute change in the reference prompt to just make a submission. ","metadata":{}},{"cell_type":"code","source":"import os","metadata":{"_uuid":"8f2839f25d086af736a60e9eeb907d3b93b6e0e5","_cell_guid":"b1076dfc-b9ad-4769-8c92-a6c4dae69d19","trusted":true,"execution":{"iopub.status.busy":"2025-01-26T19:26:35.684876Z","iopub.execute_input":"2025-01-26T19:26:35.685163Z","iopub.status.idle":"2025-01-26T19:26:35.689096Z","shell.execute_reply.started":"2025-01-26T19:26:35.685130Z","shell.execute_reply":"2025-01-26T19:26:35.688203Z"}},"outputs":[],"execution_count":1},{"cell_type":"code","source":"#Switching to the required directory for saving the output\nos.chdir(\"../working\")","metadata":{"trusted":true,"execution":{"iopub.status.busy":"2025-01-26T19:26:35.689931Z","iopub.execute_input":"2025-01-26T19:26:35.690177Z","iopub.status.idle":"2025-01-26T19:26:35.709994Z","shell.execute_reply.started":"2025-01-26T19:26:35.690153Z","shell.execute_reply":"2025-01-26T19:26:35.709240Z"}},"outputs":[],"execution_count":2},{"cell_type":"code","source":"!pip install transformers==4.46.0","metadata":{"trusted":true,"execution":{"iopub.status.busy":"2025-01-26T19:26:35.710838Z","iopub.execute_input":"2025-01-26T19:26:35.711132Z","iopub.status.idle":"2025-01-26T19:26:49.594529Z","shell.execute_reply.started":"2025-01-26T19:26:35.711105Z","shell.execute_reply":"2025-01-26T19:26:49.593739Z"}},"outputs":[{"name":"stdout","text":"Collecting transformers==4.46.0\n  Downloading transformers-4.46.0-py3-none-any.whl.metadata (44 kB)\n\u001b[2K     \u001b[90m━━━━━━━━━━━━━━━━━━━━━━━━━━━━━━━━━━━━━━━━\u001b[0m \u001b[32m44.1/44.1 kB\u001b[0m \u001b[31m2.3 MB/s\u001b[0m eta \u001b[36m0:00:00\u001b[0m\n\u001b[?25hRequirement already satisfied: filelock in /usr/local/lib/python3.10/dist-packages (from transformers==4.46.0) (3.16.1)\nRequirement already satisfied: huggingface-hub<1.0,>=0.23.2 in /usr/local/lib/python3.10/dist-packages (from transformers==4.46.0) (0.27.0)\nRequirement already satisfied: numpy>=1.17 in /usr/local/lib/python3.10/dist-packages (from transformers==4.46.0) (1.26.4)\nRequirement already satisfied: packaging>=20.0 in /usr/local/lib/python3.10/dist-packages (from transformers==4.46.0) (24.2)\nRequirement already satisfied: pyyaml>=5.1 in /usr/local/lib/python3.10/dist-packages (from transformers==4.46.0) (6.0.2)\nRequirement already satisfied: regex!=2019.12.17 in /usr/local/lib/python3.10/dist-packages (from transformers==4.46.0) (2024.11.6)\nRequirement already satisfied: requests in /usr/local/lib/python3.10/dist-packages (from transformers==4.46.0) (2.32.3)\nRequirement already satisfied: safetensors>=0.4.1 in /usr/local/lib/python3.10/dist-packages (from transformers==4.46.0) (0.4.5)\nCollecting tokenizers<0.21,>=0.20 (from transformers==4.46.0)\n  Downloading tokenizers-0.20.3-cp310-cp310-manylinux_2_17_x86_64.manylinux2014_x86_64.whl.metadata (6.7 kB)\nRequirement already satisfied: tqdm>=4.27 in /usr/local/lib/python3.10/dist-packages (from transformers==4.46.0) (4.67.1)\nRequirement already satisfied: fsspec>=2023.5.0 in /usr/local/lib/python3.10/dist-packages (from huggingface-hub<1.0,>=0.23.2->transformers==4.46.0) (2024.9.0)\nRequirement already satisfied: typing-extensions>=3.7.4.3 in /usr/local/lib/python3.10/dist-packages (from huggingface-hub<1.0,>=0.23.2->transformers==4.46.0) (4.12.2)\nRequirement already satisfied: mkl_fft in /usr/local/lib/python3.10/dist-packages (from numpy>=1.17->transformers==4.46.0) (1.3.8)\nRequirement already satisfied: mkl_random in /usr/local/lib/python3.10/dist-packages (from numpy>=1.17->transformers==4.46.0) (1.2.4)\nRequirement already satisfied: mkl_umath in /usr/local/lib/python3.10/dist-packages (from numpy>=1.17->transformers==4.46.0) (0.1.1)\nRequirement already satisfied: mkl in /usr/local/lib/python3.10/dist-packages (from numpy>=1.17->transformers==4.46.0) (2025.0.1)\nRequirement already satisfied: tbb4py in /usr/local/lib/python3.10/dist-packages (from numpy>=1.17->transformers==4.46.0) (2022.0.0)\nRequirement already satisfied: mkl-service in /usr/local/lib/python3.10/dist-packages (from numpy>=1.17->transformers==4.46.0) (2.4.1)\nRequirement already satisfied: charset-normalizer<4,>=2 in /usr/local/lib/python3.10/dist-packages (from requests->transformers==4.46.0) (3.4.0)\nRequirement already satisfied: idna<4,>=2.5 in /usr/local/lib/python3.10/dist-packages (from requests->transformers==4.46.0) (3.10)\nRequirement already satisfied: urllib3<3,>=1.21.1 in /usr/local/lib/python3.10/dist-packages (from requests->transformers==4.46.0) (2.2.3)\nRequirement already satisfied: certifi>=2017.4.17 in /usr/local/lib/python3.10/dist-packages (from requests->transformers==4.46.0) (2024.12.14)\nRequirement already satisfied: intel-openmp>=2024 in /usr/local/lib/python3.10/dist-packages (from mkl->numpy>=1.17->transformers==4.46.0) (2024.2.0)\nRequirement already satisfied: tbb==2022.* in /usr/local/lib/python3.10/dist-packages (from mkl->numpy>=1.17->transformers==4.46.0) (2022.0.0)\nRequirement already satisfied: tcmlib==1.* in /usr/local/lib/python3.10/dist-packages (from tbb==2022.*->mkl->numpy>=1.17->transformers==4.46.0) (1.2.0)\nRequirement already satisfied: intel-cmplr-lib-rt in /usr/local/lib/python3.10/dist-packages (from mkl_umath->numpy>=1.17->transformers==4.46.0) (2024.2.0)\nRequirement already satisfied: intel-cmplr-lib-ur==2024.2.0 in /usr/local/lib/python3.10/dist-packages (from intel-openmp>=2024->mkl->numpy>=1.17->transformers==4.46.0) (2024.2.0)\n\u001b[33mWARNING: The candidate selected for download or install is a yanked version: 'transformers' candidate (version 4.46.0 at https://files.pythonhosted.org/packages/db/88/1ef8a624a33d7fe460a686b9e0194a7916320fc0d67d4e38e570beeac039/transformers-4.46.0-py3-none-any.whl (from https://pypi.org/simple/transformers/) (requires-python:>=3.8.0))\nReason for being yanked: This version unfortunately does not work with 3.8 but we did not drop the support yet\u001b[0m\u001b[33m\n\u001b[0mDownloading transformers-4.46.0-py3-none-any.whl (10.0 MB)\n\u001b[2K   \u001b[90m━━━━━━━━━━━━━━━━━━━━━━━━━━━━━━━━━━━━━━━━\u001b[0m \u001b[32m10.0/10.0 MB\u001b[0m \u001b[31m91.6 MB/s\u001b[0m eta \u001b[36m0:00:00\u001b[0m:00:01\u001b[0m0:01\u001b[0m\n\u001b[?25hDownloading tokenizers-0.20.3-cp310-cp310-manylinux_2_17_x86_64.manylinux2014_x86_64.whl (3.0 MB)\n\u001b[2K   \u001b[90m━━━━━━━━━━━━━━━━━━━━━━━━━━━━━━━━━━━━━━━━\u001b[0m \u001b[32m3.0/3.0 MB\u001b[0m \u001b[31m50.5 MB/s\u001b[0m eta \u001b[36m0:00:00\u001b[0ma \u001b[36m0:00:01\u001b[0m\n\u001b[?25hInstalling collected packages: tokenizers, transformers\n  Attempting uninstall: tokenizers\n    Found existing installation: tokenizers 0.21.0\n    Uninstalling tokenizers-0.21.0:\n      Successfully uninstalled tokenizers-0.21.0\n  Attempting uninstall: transformers\n    Found existing installation: transformers 4.47.0\n    Uninstalling transformers-4.47.0:\n      Successfully uninstalled transformers-4.47.0\nSuccessfully installed tokenizers-0.20.3 transformers-4.46.0\n","output_type":"stream"}],"execution_count":3},{"cell_type":"code","source":"!pip install datasets accelerate bitsandbytes peft trl","metadata":{"trusted":true,"execution":{"iopub.status.busy":"2025-01-26T19:26:49.598772Z","iopub.execute_input":"2025-01-26T19:26:49.599054Z","iopub.status.idle":"2025-01-26T19:26:56.110457Z","shell.execute_reply.started":"2025-01-26T19:26:49.599024Z","shell.execute_reply":"2025-01-26T19:26:56.109649Z"}},"outputs":[{"name":"stdout","text":"Requirement already satisfied: datasets in /usr/local/lib/python3.10/dist-packages (3.2.0)\nRequirement already satisfied: accelerate in /usr/local/lib/python3.10/dist-packages (1.2.1)\nCollecting bitsandbytes\n  Downloading bitsandbytes-0.45.1-py3-none-manylinux_2_24_x86_64.whl.metadata (5.8 kB)\nRequirement already satisfied: peft in /usr/local/lib/python3.10/dist-packages (0.14.0)\nCollecting trl\n  Downloading trl-0.13.0-py3-none-any.whl.metadata (11 kB)\nRequirement already satisfied: filelock in /usr/local/lib/python3.10/dist-packages (from datasets) (3.16.1)\nRequirement already satisfied: numpy>=1.17 in /usr/local/lib/python3.10/dist-packages (from datasets) (1.26.4)\nRequirement already satisfied: pyarrow>=15.0.0 in /usr/local/lib/python3.10/dist-packages (from datasets) (17.0.0)\nRequirement already satisfied: dill<0.3.9,>=0.3.0 in /usr/local/lib/python3.10/dist-packages (from datasets) (0.3.8)\nRequirement already satisfied: pandas in /usr/local/lib/python3.10/dist-packages (from datasets) (2.2.2)\nRequirement already satisfied: requests>=2.32.2 in /usr/local/lib/python3.10/dist-packages (from datasets) (2.32.3)\nRequirement already satisfied: tqdm>=4.66.3 in /usr/local/lib/python3.10/dist-packages (from datasets) (4.67.1)\nRequirement already satisfied: xxhash in /usr/local/lib/python3.10/dist-packages (from datasets) (3.5.0)\nRequirement already satisfied: multiprocess<0.70.17 in /usr/local/lib/python3.10/dist-packages (from datasets) (0.70.16)\nRequirement already satisfied: fsspec<=2024.9.0,>=2023.1.0 in /usr/local/lib/python3.10/dist-packages (from fsspec[http]<=2024.9.0,>=2023.1.0->datasets) (2024.9.0)\nRequirement already satisfied: aiohttp in /usr/local/lib/python3.10/dist-packages (from datasets) (3.11.10)\nRequirement already satisfied: huggingface-hub>=0.23.0 in /usr/local/lib/python3.10/dist-packages (from datasets) (0.27.0)\nRequirement already satisfied: packaging in /usr/local/lib/python3.10/dist-packages (from datasets) (24.2)\nRequirement already satisfied: pyyaml>=5.1 in /usr/local/lib/python3.10/dist-packages (from datasets) (6.0.2)\nRequirement already satisfied: psutil in /usr/local/lib/python3.10/dist-packages (from accelerate) (5.9.5)\nRequirement already satisfied: torch>=1.10.0 in /usr/local/lib/python3.10/dist-packages (from accelerate) (2.5.1+cu121)\nRequirement already satisfied: safetensors>=0.4.3 in /usr/local/lib/python3.10/dist-packages (from accelerate) (0.4.5)\nRequirement already satisfied: transformers in /usr/local/lib/python3.10/dist-packages (from peft) (4.46.0)\nRequirement already satisfied: rich in /usr/local/lib/python3.10/dist-packages (from trl) (13.9.4)\nRequirement already satisfied: aiohappyeyeballs>=2.3.0 in /usr/local/lib/python3.10/dist-packages (from aiohttp->datasets) (2.4.4)\nRequirement already satisfied: aiosignal>=1.1.2 in /usr/local/lib/python3.10/dist-packages (from aiohttp->datasets) (1.3.2)\nRequirement already satisfied: async-timeout<6.0,>=4.0 in /usr/local/lib/python3.10/dist-packages (from aiohttp->datasets) (4.0.3)\nRequirement already satisfied: attrs>=17.3.0 in /usr/local/lib/python3.10/dist-packages (from aiohttp->datasets) (24.3.0)\nRequirement already satisfied: frozenlist>=1.1.1 in /usr/local/lib/python3.10/dist-packages (from aiohttp->datasets) (1.5.0)\nRequirement already satisfied: multidict<7.0,>=4.5 in /usr/local/lib/python3.10/dist-packages (from aiohttp->datasets) (6.1.0)\nRequirement already satisfied: propcache>=0.2.0 in /usr/local/lib/python3.10/dist-packages (from aiohttp->datasets) (0.2.1)\nRequirement already satisfied: yarl<2.0,>=1.17.0 in /usr/local/lib/python3.10/dist-packages (from aiohttp->datasets) (1.18.3)\nRequirement already satisfied: typing-extensions>=3.7.4.3 in /usr/local/lib/python3.10/dist-packages (from huggingface-hub>=0.23.0->datasets) (4.12.2)\nRequirement already satisfied: mkl_fft in /usr/local/lib/python3.10/dist-packages (from numpy>=1.17->datasets) (1.3.8)\nRequirement already satisfied: mkl_random in /usr/local/lib/python3.10/dist-packages (from numpy>=1.17->datasets) (1.2.4)\nRequirement already satisfied: mkl_umath in /usr/local/lib/python3.10/dist-packages (from numpy>=1.17->datasets) (0.1.1)\nRequirement already satisfied: mkl in /usr/local/lib/python3.10/dist-packages (from numpy>=1.17->datasets) (2025.0.1)\nRequirement already satisfied: tbb4py in /usr/local/lib/python3.10/dist-packages (from numpy>=1.17->datasets) (2022.0.0)\nRequirement already satisfied: mkl-service in /usr/local/lib/python3.10/dist-packages (from numpy>=1.17->datasets) (2.4.1)\nRequirement already satisfied: charset-normalizer<4,>=2 in /usr/local/lib/python3.10/dist-packages (from requests>=2.32.2->datasets) (3.4.0)\nRequirement already satisfied: idna<4,>=2.5 in /usr/local/lib/python3.10/dist-packages (from requests>=2.32.2->datasets) (3.10)\nRequirement already satisfied: urllib3<3,>=1.21.1 in /usr/local/lib/python3.10/dist-packages (from requests>=2.32.2->datasets) (2.2.3)\nRequirement already satisfied: certifi>=2017.4.17 in /usr/local/lib/python3.10/dist-packages (from requests>=2.32.2->datasets) (2024.12.14)\nRequirement already satisfied: networkx in /usr/local/lib/python3.10/dist-packages (from torch>=1.10.0->accelerate) (3.4.2)\nRequirement already satisfied: jinja2 in /usr/local/lib/python3.10/dist-packages (from torch>=1.10.0->accelerate) (3.1.4)\nRequirement already satisfied: sympy==1.13.1 in /usr/local/lib/python3.10/dist-packages (from torch>=1.10.0->accelerate) (1.13.1)\nRequirement already satisfied: mpmath<1.4,>=1.1.0 in /usr/local/lib/python3.10/dist-packages (from sympy==1.13.1->torch>=1.10.0->accelerate) (1.3.0)\nRequirement already satisfied: regex!=2019.12.17 in /usr/local/lib/python3.10/dist-packages (from transformers->peft) (2024.11.6)\nRequirement already satisfied: tokenizers<0.21,>=0.20 in /usr/local/lib/python3.10/dist-packages (from transformers->peft) (0.20.3)\nRequirement already satisfied: python-dateutil>=2.8.2 in /usr/local/lib/python3.10/dist-packages (from pandas->datasets) (2.8.2)\nRequirement already satisfied: pytz>=2020.1 in /usr/local/lib/python3.10/dist-packages (from pandas->datasets) (2024.2)\nRequirement already satisfied: tzdata>=2022.7 in /usr/local/lib/python3.10/dist-packages (from pandas->datasets) (2024.2)\nRequirement already satisfied: markdown-it-py>=2.2.0 in /usr/local/lib/python3.10/dist-packages (from rich->trl) (3.0.0)\nRequirement already satisfied: pygments<3.0.0,>=2.13.0 in /usr/local/lib/python3.10/dist-packages (from rich->trl) (2.18.0)\nRequirement already satisfied: mdurl~=0.1 in /usr/local/lib/python3.10/dist-packages (from markdown-it-py>=2.2.0->rich->trl) (0.1.2)\nRequirement already satisfied: six>=1.5 in /usr/local/lib/python3.10/dist-packages (from python-dateutil>=2.8.2->pandas->datasets) (1.17.0)\nRequirement already satisfied: MarkupSafe>=2.0 in /usr/local/lib/python3.10/dist-packages (from jinja2->torch>=1.10.0->accelerate) (3.0.2)\nRequirement already satisfied: intel-openmp>=2024 in /usr/local/lib/python3.10/dist-packages (from mkl->numpy>=1.17->datasets) (2024.2.0)\nRequirement already satisfied: tbb==2022.* in /usr/local/lib/python3.10/dist-packages (from mkl->numpy>=1.17->datasets) (2022.0.0)\nRequirement already satisfied: tcmlib==1.* in /usr/local/lib/python3.10/dist-packages (from tbb==2022.*->mkl->numpy>=1.17->datasets) (1.2.0)\nRequirement already satisfied: intel-cmplr-lib-rt in /usr/local/lib/python3.10/dist-packages (from mkl_umath->numpy>=1.17->datasets) (2024.2.0)\nRequirement already satisfied: intel-cmplr-lib-ur==2024.2.0 in /usr/local/lib/python3.10/dist-packages (from intel-openmp>=2024->mkl->numpy>=1.17->datasets) (2024.2.0)\nDownloading bitsandbytes-0.45.1-py3-none-manylinux_2_24_x86_64.whl (69.7 MB)\n\u001b[2K   \u001b[90m━━━━━━━━━━━━━━━━━━━━━━━━━━━━━━━━━━━━━━━━\u001b[0m \u001b[32m69.7/69.7 MB\u001b[0m \u001b[31m19.4 MB/s\u001b[0m eta \u001b[36m0:00:00\u001b[0m:00:01\u001b[0m00:01\u001b[0m\n\u001b[?25hDownloading trl-0.13.0-py3-none-any.whl (293 kB)\n\u001b[2K   \u001b[90m━━━━━━━━━━━━━━━━━━━━━━━━━━━━━━━━━━━━━━━━\u001b[0m \u001b[32m293.4/293.4 kB\u001b[0m \u001b[31m20.0 MB/s\u001b[0m eta \u001b[36m0:00:00\u001b[0m\n\u001b[?25hInstalling collected packages: trl, bitsandbytes\nSuccessfully installed bitsandbytes-0.45.1 trl-0.13.0\n","output_type":"stream"}],"execution_count":4},{"cell_type":"code","source":"!pip install pyvista","metadata":{"trusted":true,"execution":{"iopub.status.busy":"2025-01-26T19:26:56.111590Z","iopub.execute_input":"2025-01-26T19:26:56.111913Z","iopub.status.idle":"2025-01-26T19:27:00.419831Z","shell.execute_reply.started":"2025-01-26T19:26:56.111883Z","shell.execute_reply":"2025-01-26T19:27:00.419010Z"}},"outputs":[{"name":"stdout","text":"Collecting pyvista\n  Downloading pyvista-0.44.2-py3-none-any.whl.metadata (15 kB)\nRequirement already satisfied: matplotlib>=3.0.1 in /usr/local/lib/python3.10/dist-packages (from pyvista) (3.7.5)\nRequirement already satisfied: numpy>=1.21.0 in /usr/local/lib/python3.10/dist-packages (from pyvista) (1.26.4)\nRequirement already satisfied: pillow in /usr/local/lib/python3.10/dist-packages (from pyvista) (11.0.0)\nRequirement already satisfied: pooch in /usr/local/lib/python3.10/dist-packages (from pyvista) (1.8.2)\nRequirement already satisfied: scooby>=0.5.1 in /usr/local/lib/python3.10/dist-packages (from pyvista) (0.10.0)\nRequirement already satisfied: vtk<9.4.0 in /usr/local/lib/python3.10/dist-packages (from pyvista) (9.3.1)\nRequirement already satisfied: typing-extensions in /usr/local/lib/python3.10/dist-packages (from pyvista) (4.12.2)\nRequirement already satisfied: contourpy>=1.0.1 in /usr/local/lib/python3.10/dist-packages (from matplotlib>=3.0.1->pyvista) (1.3.1)\nRequirement already satisfied: cycler>=0.10 in /usr/local/lib/python3.10/dist-packages (from matplotlib>=3.0.1->pyvista) (0.12.1)\nRequirement already satisfied: fonttools>=4.22.0 in /usr/local/lib/python3.10/dist-packages (from matplotlib>=3.0.1->pyvista) (4.55.3)\nRequirement already satisfied: kiwisolver>=1.0.1 in /usr/local/lib/python3.10/dist-packages (from matplotlib>=3.0.1->pyvista) (1.4.7)\nRequirement already satisfied: packaging>=20.0 in /usr/local/lib/python3.10/dist-packages (from matplotlib>=3.0.1->pyvista) (24.2)\nRequirement already satisfied: pyparsing>=2.3.1 in /usr/local/lib/python3.10/dist-packages (from matplotlib>=3.0.1->pyvista) (3.2.0)\nRequirement already satisfied: python-dateutil>=2.7 in /usr/local/lib/python3.10/dist-packages (from matplotlib>=3.0.1->pyvista) (2.8.2)\nRequirement already satisfied: mkl_fft in /usr/local/lib/python3.10/dist-packages (from numpy>=1.21.0->pyvista) (1.3.8)\nRequirement already satisfied: mkl_random in /usr/local/lib/python3.10/dist-packages (from numpy>=1.21.0->pyvista) (1.2.4)\nRequirement already satisfied: mkl_umath in /usr/local/lib/python3.10/dist-packages (from numpy>=1.21.0->pyvista) (0.1.1)\nRequirement already satisfied: mkl in /usr/local/lib/python3.10/dist-packages (from numpy>=1.21.0->pyvista) (2025.0.1)\nRequirement already satisfied: tbb4py in /usr/local/lib/python3.10/dist-packages (from numpy>=1.21.0->pyvista) (2022.0.0)\nRequirement already satisfied: mkl-service in /usr/local/lib/python3.10/dist-packages (from numpy>=1.21.0->pyvista) (2.4.1)\nRequirement already satisfied: platformdirs>=2.5.0 in /usr/local/lib/python3.10/dist-packages (from pooch->pyvista) (4.3.6)\nRequirement already satisfied: requests>=2.19.0 in /usr/local/lib/python3.10/dist-packages (from pooch->pyvista) (2.32.3)\nRequirement already satisfied: six>=1.5 in /usr/local/lib/python3.10/dist-packages (from python-dateutil>=2.7->matplotlib>=3.0.1->pyvista) (1.17.0)\nRequirement already satisfied: charset-normalizer<4,>=2 in /usr/local/lib/python3.10/dist-packages (from requests>=2.19.0->pooch->pyvista) (3.4.0)\nRequirement already satisfied: idna<4,>=2.5 in /usr/local/lib/python3.10/dist-packages (from requests>=2.19.0->pooch->pyvista) (3.10)\nRequirement already satisfied: urllib3<3,>=1.21.1 in /usr/local/lib/python3.10/dist-packages (from requests>=2.19.0->pooch->pyvista) (2.2.3)\nRequirement already satisfied: certifi>=2017.4.17 in /usr/local/lib/python3.10/dist-packages (from requests>=2.19.0->pooch->pyvista) (2024.12.14)\nRequirement already satisfied: intel-openmp>=2024 in /usr/local/lib/python3.10/dist-packages (from mkl->numpy>=1.21.0->pyvista) (2024.2.0)\nRequirement already satisfied: tbb==2022.* in /usr/local/lib/python3.10/dist-packages (from mkl->numpy>=1.21.0->pyvista) (2022.0.0)\nRequirement already satisfied: tcmlib==1.* in /usr/local/lib/python3.10/dist-packages (from tbb==2022.*->mkl->numpy>=1.21.0->pyvista) (1.2.0)\nRequirement already satisfied: intel-cmplr-lib-rt in /usr/local/lib/python3.10/dist-packages (from mkl_umath->numpy>=1.21.0->pyvista) (2024.2.0)\nRequirement already satisfied: intel-cmplr-lib-ur==2024.2.0 in /usr/local/lib/python3.10/dist-packages (from intel-openmp>=2024->mkl->numpy>=1.21.0->pyvista) (2024.2.0)\nDownloading pyvista-0.44.2-py3-none-any.whl (2.2 MB)\n\u001b[2K   \u001b[90m━━━━━━━━━━━━━━━━━━━━━━━━━━━━━━━━━━━━━━━━\u001b[0m \u001b[32m2.2/2.2 MB\u001b[0m \u001b[31m51.5 MB/s\u001b[0m eta \u001b[36m0:00:00\u001b[0m00:01\u001b[0m\n\u001b[?25hInstalling collected packages: pyvista\nSuccessfully installed pyvista-0.44.2\n","output_type":"stream"}],"execution_count":5},{"cell_type":"code","source":"import transformers\n\n#Checking the version of transformers package\nprint(transformers.__version__)","metadata":{"trusted":true,"execution":{"iopub.status.busy":"2025-01-26T19:27:00.420897Z","iopub.execute_input":"2025-01-26T19:27:00.421294Z","iopub.status.idle":"2025-01-26T19:27:04.357125Z","shell.execute_reply.started":"2025-01-26T19:27:00.421256Z","shell.execute_reply":"2025-01-26T19:27:04.356318Z"}},"outputs":[{"name":"stdout","text":"4.46.0\n","output_type":"stream"}],"execution_count":6},{"cell_type":"code","source":"import torch\nfrom transformers import AutoTokenizer, AutoModelForCausalLM, TrainingArguments, BitsAndBytesConfig","metadata":{"trusted":true,"execution":{"iopub.status.busy":"2025-01-26T19:27:04.358017Z","iopub.execute_input":"2025-01-26T19:27:04.358444Z","iopub.status.idle":"2025-01-26T19:27:05.218613Z","shell.execute_reply.started":"2025-01-26T19:27:04.358417Z","shell.execute_reply":"2025-01-26T19:27:05.217777Z"}},"outputs":[],"execution_count":7},{"cell_type":"code","source":"import pandas as pd\nimport pyvista as pv \nimport vtk\nimport numpy as np","metadata":{"trusted":true,"execution":{"iopub.status.busy":"2025-01-26T19:27:05.220499Z","iopub.execute_input":"2025-01-26T19:27:05.220897Z","iopub.status.idle":"2025-01-26T19:27:07.334239Z","shell.execute_reply.started":"2025-01-26T19:27:05.220875Z","shell.execute_reply":"2025-01-26T19:27:07.333290Z"}},"outputs":[],"execution_count":8},{"cell_type":"code","source":"device = \"auto\"\nmodel_path = \"ibm-granite/granite-3.1-2b-base\"\ntokenizer = AutoTokenizer.from_pretrained(model_path)\nmodel = AutoModelForCausalLM.from_pretrained(model_path, device_map=device)","metadata":{"trusted":true,"execution":{"iopub.status.busy":"2025-01-26T19:27:07.335267Z","iopub.execute_input":"2025-01-26T19:27:07.335649Z","iopub.status.idle":"2025-01-26T19:30:19.205931Z","shell.execute_reply.started":"2025-01-26T19:27:07.335628Z","shell.execute_reply":"2025-01-26T19:30:19.205288Z"}},"outputs":[{"output_type":"display_data","data":{"text/plain":"tokenizer_config.json:   0%|          | 0.00/4.13k [00:00<?, ?B/s]","application/vnd.jupyter.widget-view+json":{"version_major":2,"version_minor":0,"model_id":"db57144fbbfe40f6a452811d0654dd2c"}},"metadata":{}},{"output_type":"display_data","data":{"text/plain":"tokenizer.json:   0%|          | 0.00/2.06M [00:00<?, ?B/s]","application/vnd.jupyter.widget-view+json":{"version_major":2,"version_minor":0,"model_id":"5ff01b8b051d4678b6aa4ac21587d107"}},"metadata":{}},{"output_type":"display_data","data":{"text/plain":"special_tokens_map.json:   0%|          | 0.00/1.02k [00:00<?, ?B/s]","application/vnd.jupyter.widget-view+json":{"version_major":2,"version_minor":0,"model_id":"6077e767e5714e95a887b947c2335a9c"}},"metadata":{}},{"output_type":"display_data","data":{"text/plain":"config.json:   0%|          | 0.00/786 [00:00<?, ?B/s]","application/vnd.jupyter.widget-view+json":{"version_major":2,"version_minor":0,"model_id":"77404f8a0f5b42d39e3d6adac3df863e"}},"metadata":{}},{"output_type":"display_data","data":{"text/plain":"model.safetensors.index.json:   0%|          | 0.00/29.8k [00:00<?, ?B/s]","application/vnd.jupyter.widget-view+json":{"version_major":2,"version_minor":0,"model_id":"eac2e6b9292f44838412b8f831692d6b"}},"metadata":{}},{"output_type":"display_data","data":{"text/plain":"Downloading shards:   0%|          | 0/2 [00:00<?, ?it/s]","application/vnd.jupyter.widget-view+json":{"version_major":2,"version_minor":0,"model_id":"7aa899d9e93f4b089e2eec510744946e"}},"metadata":{}},{"output_type":"display_data","data":{"text/plain":"model-00001-of-00002.safetensors:   0%|          | 0.00/5.00G [00:00<?, ?B/s]","application/vnd.jupyter.widget-view+json":{"version_major":2,"version_minor":0,"model_id":"066d9442c3af4d5aa0abf78d99e56db7"}},"metadata":{}},{"output_type":"display_data","data":{"text/plain":"model-00002-of-00002.safetensors:   0%|          | 0.00/67.1M [00:00<?, ?B/s]","application/vnd.jupyter.widget-view+json":{"version_major":2,"version_minor":0,"model_id":"6697639e03074a45946d0d29f4aa1a13"}},"metadata":{}},{"output_type":"display_data","data":{"text/plain":"Loading checkpoint shards:   0%|          | 0/2 [00:00<?, ?it/s]","application/vnd.jupyter.widget-view+json":{"version_major":2,"version_minor":0,"model_id":"faa6d75c91234f90bdbe47df89f959be"}},"metadata":{}},{"output_type":"display_data","data":{"text/plain":"generation_config.json:   0%|          | 0.00/132 [00:00<?, ?B/s]","application/vnd.jupyter.widget-view+json":{"version_major":2,"version_minor":0,"model_id":"359adbe5f4d74ffc9216745c7de7f690"}},"metadata":{}}],"execution_count":9},{"cell_type":"markdown","source":"### Loads a quantized model with 4-bit precision (nf4) using Hugging Face and BitsAndBytes for memory-efficient inference, while timing the loading process","metadata":{}},{"cell_type":"code","source":"import torch\ntorch.cuda.empty_cache()","metadata":{"trusted":true,"execution":{"iopub.status.busy":"2025-01-26T19:30:19.206698Z","iopub.execute_input":"2025-01-26T19:30:19.207252Z","iopub.status.idle":"2025-01-26T19:30:19.210720Z","shell.execute_reply.started":"2025-01-26T19:30:19.207217Z","shell.execute_reply":"2025-01-26T19:30:19.209905Z"}},"outputs":[],"execution_count":10},{"cell_type":"code","source":"import timeit\nstart_time = timeit.default_timer()\nbnb_config = BitsAndBytesConfig(\n    load_in_4bit=True,\n    bnb_4bit_quant_type=\"nf4\",\n    bnb_4bit_use_double_quant=True,\n    bnb_4bit_compute_dtype=torch.float16 # if not set will throw a warning about slow speeds when training\n)\n\nmodel = AutoModelForCausalLM.from_pretrained(\n  model_path,\n  quantization_config=bnb_config,\n  device_map=\"auto\"\n\n)\n\nmodel_loadtime = timeit.default_timer() - start_time","metadata":{"trusted":true,"execution":{"iopub.status.busy":"2025-01-26T19:06:05.538944Z","iopub.execute_input":"2025-01-26T19:06:05.539414Z","iopub.status.idle":"2025-01-26T19:06:11.913705Z","shell.execute_reply.started":"2025-01-26T19:06:05.539371Z","shell.execute_reply":"2025-01-26T19:06:11.912954Z"}},"outputs":[{"output_type":"display_data","data":{"text/plain":"Loading checkpoint shards:   0%|          | 0/2 [00:00<?, ?it/s]","application/vnd.jupyter.widget-view+json":{"version_major":2,"version_minor":0,"model_id":"f35c42b4dd17424c80319294bc04615d"}},"metadata":{}}],"execution_count":30},{"cell_type":"code","source":"\n# Helper functions related to data generation\n\n# Function to extract vtk data as pandas format\ndef extract_vtk_data(folder_path, case_number):\n    file_path = os.path.join(folder_path,f'Case{case_number:02}.vtk')\n    grid = pv.read(file_path)\n    \n    # Extract the grid points (coordinates)\n    coordinates = grid.points  # Nx3 array of (x, y, z) coordinates\n    coordinates = np.array(coordinates)\n    coordinates = np.round(coordinates, 2)\n    \n    # Extract the scalar field (e.g., temperature values)\n    temperatures = grid[\"Temperature\"]  # Array of scalar values\n    temperatures = np.array(temperatures)\n    temperatures = np.round(temperatures).astype(int)\n\n    # Create a dictionary to store temperatures at (x, y) positions\n    data = {}\n    for (x, y, _), temp in zip(coordinates, temperatures):\n        data[(x, y)] = temp\n\n    # Extract unique x and y values, and sort them accordingly\n    unique_x = sorted(set([x for x, y in data.keys()]))\n    unique_y = sorted(set([y for x, y in data.keys()]), reverse=True)  # reverse for y = 10, 9, 8, ...\n\n    # Create a DataFrame to store the temperatures in the desired format\n    temperature_matrix = []\n    for y in unique_y:\n        row = [data.get((x, y), np.nan) for x in unique_x]\n        temperature_matrix.append(row)\n\n    # Create the DataFrame with x columns and y rows\n    df = pd.DataFrame(temperature_matrix, columns=[f\"x={x}\" for x in unique_x], index=[f\"y={y}\" for y in unique_y])\n\n    return df\n\n\n\n# Converting the dataframe into text\ndef store_numeric_data(numeric_df):\n    # Store the column names (space-separated), but place a backslash in the intersection cell\n    column_names = \"\\\\ \" + \" \".join(numeric_df.columns)\n    \n    # Initialize the list to store the output\n    result = [column_names]\n    \n    # Store the rows with row names and values, all separated by spaces\n    for index, row in numeric_df.iterrows():\n        # Add row name (index) and then the column names with values\n        row_data = f\"{index} \" + \" \".join(row.astype(str))  # Convert each value to string\n        result.append(row_data)\n    \n    # Join everything into a single string with each entry on a new line\n    return \"\\n\".join(result)\n\n","metadata":{"trusted":true,"execution":{"iopub.status.busy":"2025-01-26T19:33:14.101931Z","iopub.execute_input":"2025-01-26T19:33:14.102262Z","iopub.status.idle":"2025-01-26T19:33:14.110561Z","shell.execute_reply.started":"2025-01-26T19:33:14.102239Z","shell.execute_reply":"2025-01-26T19:33:14.109643Z"}},"outputs":[],"execution_count":19},{"cell_type":"code","source":"# Reading the data generated before\nquery_df = pd.read_csv('/kaggle/input/training-data-heat-wave-eqn/training_data/training_data.csv')  # Update with your actual file path\n","metadata":{"trusted":true,"execution":{"iopub.status.busy":"2025-01-26T19:02:46.290697Z","iopub.execute_input":"2025-01-26T19:02:46.290999Z","iopub.status.idle":"2025-01-26T19:02:46.301466Z","shell.execute_reply.started":"2025-01-26T19:02:46.290976Z","shell.execute_reply":"2025-01-26T19:02:46.300656Z"}},"outputs":[],"execution_count":10},{"cell_type":"code","source":"# Combining the generated vtk data and questions to prompt and Answers as response and dropping other columns\nfolder_path = '/kaggle/input/training-data-heat-wave-eqn/training_data'\nquery_df['Question'] = query_df.apply(\n    lambda row: row['Question'] + \"\\n\" + store_numeric_data(extract_vtk_data(folder_path, row['Case'])),\n    axis=1\n)\nquery_df = query_df.drop(columns=['Id', 'Case'])\nquery_df = query_df.rename(columns={'Question': 'prompt'})\nquery_df = query_df.rename(columns={'Answer': 'response'})\nquery_df.head()","metadata":{"trusted":true,"execution":{"iopub.status.busy":"2025-01-26T19:02:46.514082Z","iopub.execute_input":"2025-01-26T19:02:46.514308Z","iopub.status.idle":"2025-01-26T19:02:48.240599Z","shell.execute_reply.started":"2025-01-26T19:02:46.514289Z","shell.execute_reply":"2025-01-26T19:02:48.239704Z"}},"outputs":[{"execution_count":11,"output_type":"execute_result","data":{"text/plain":"                                              prompt  \\\n0  Analyze the given steady-state heat equation s...   \n1  Analyze the given steady-state heat equation s...   \n2  Analyze the given steady-state heat equation s...   \n3  Analyze the given steady-state heat equation s...   \n4  Analyze the given steady-state heat equation s...   \n\n                                            response  \n0                                 The answer is 0.0.  \n1                          The answer is 283.661636.  \n2                       The answer is (0.25, 0.25).   \n3  The decay rate of temperature seems constant s...  \n4                         The answer is 118396.1482.  ","text/html":"<div>\n<style scoped>\n    .dataframe tbody tr th:only-of-type {\n        vertical-align: middle;\n    }\n\n    .dataframe tbody tr th {\n        vertical-align: top;\n    }\n\n    .dataframe thead th {\n        text-align: right;\n    }\n</style>\n<table border=\"1\" class=\"dataframe\">\n  <thead>\n    <tr style=\"text-align: right;\">\n      <th></th>\n      <th>prompt</th>\n      <th>response</th>\n    </tr>\n  </thead>\n  <tbody>\n    <tr>\n      <th>0</th>\n      <td>Analyze the given steady-state heat equation s...</td>\n      <td>The answer is 0.0.</td>\n    </tr>\n    <tr>\n      <th>1</th>\n      <td>Analyze the given steady-state heat equation s...</td>\n      <td>The answer is 283.661636.</td>\n    </tr>\n    <tr>\n      <th>2</th>\n      <td>Analyze the given steady-state heat equation s...</td>\n      <td>The answer is (0.25, 0.25).</td>\n    </tr>\n    <tr>\n      <th>3</th>\n      <td>Analyze the given steady-state heat equation s...</td>\n      <td>The decay rate of temperature seems constant s...</td>\n    </tr>\n    <tr>\n      <th>4</th>\n      <td>Analyze the given steady-state heat equation s...</td>\n      <td>The answer is 118396.1482.</td>\n    </tr>\n  </tbody>\n</table>\n</div>"},"metadata":{}}],"execution_count":11},{"cell_type":"code","source":"print(query_df['prompt'][0])","metadata":{"trusted":true,"execution":{"iopub.status.busy":"2025-01-26T19:02:48.241648Z","iopub.execute_input":"2025-01-26T19:02:48.241987Z","iopub.status.idle":"2025-01-26T19:02:48.247042Z","shell.execute_reply.started":"2025-01-26T19:02:48.241961Z","shell.execute_reply":"2025-01-26T19:02:48.245959Z"}},"outputs":[{"name":"stdout","text":"Analyze the given steady-state heat equation solution, saved in the grid. And then tell - What is the temperature distribution at the corner (0, 0) of the unit square mesh?\n\\ x=0.0 x=0.04 x=0.08 x=0.12 x=0.17 x=0.21 x=0.25 x=0.29 x=0.33 x=0.38 x=0.42 x=0.46 x=0.5 x=0.54 x=0.58 x=0.62 x=0.67 x=0.71 x=0.75 x=0.79 x=0.83 x=0.88 x=0.92 x=0.96 x=1.0\ny=1.0 0 0 0 0 0 0 0 0 0 0 0 0 0 0 0 0 0 0 0 0 0 0 0 0 0\ny=0.96 0 -6029 -9968 -13364 -15930 -17466 -17853 -17053 -15112 -12155 -8380 -4039 576 5154 9386 12988 15717 17394 17908 17231 15416 12594 8961 4766 0\ny=0.92 0 -9968 -17018 -23082 -27703 -30532 -31352 -30086 -26808 -21729 -15187 -7618 466 8523 16007 22417 27322 30395 31437 30389 27333 22495 16221 8961 0\ny=0.88 0 -13364 -23082 -31452 -37850 -41796 -42988 -41321 -36888 -29977 -21045 -10692 386 11442 21732 30562 37341 41617 43113 41742 37617 31042 22495 12594 0\ny=0.83 0 -15930 -27703 -37850 -45616 -50423 -51904 -49930 -44613 -36297 -25534 -13046 328 13685 26126 36813 45030 50230 52075 50460 45518 37617 27333 15416 0\ny=0.79 0 -17466 -30532 -41796 -50423 -55772 -57440 -55281 -49418 -40231 -28331 -14515 287 15077 28859 40704 49819 55597 57665 55903 50460 41742 30389 17231 0\ny=0.75 0 -17853 -31352 -42988 -51904 -57440 -59179 -56971 -50944 -41487 -29231 -14996 259 15506 29717 41935 51343 57314 59462 57665 52075 43113 31437 17908 0\ny=0.71 0 -17053 -30086 -41321 -49930 -55281 -56971 -54858 -49062 -39962 -28161 -14453 241 14930 28623 40399 49469 55232 57314 55597 50230 41617 30395 17394 0\ny=0.67 0 -15112 -26808 -36888 -44613 -49418 -50944 -49062 -43883 -35744 -25187 -12920 230 13377 25635 36180 44304 49469 51343 49819 45030 37341 27322 15717 0\ny=0.62 0 -12155 -21729 -29977 -36297 -40231 -41487 -39962 -35744 -29111 -20504 -10501 224 10947 20946 29549 36180 40399 41935 40704 36813 30562 22417 12988 0\ny=0.58 0 -8380 -15187 -21045 -25534 -28331 -29231 -28161 -25187 -20504 -14424 -7357 220 7798 14865 20946 25635 28623 29717 28859 26126 21732 16007 9386 0\ny=0.54 0 -4039 -7618 -10692 -13046 -14515 -14996 -14453 -12920 -10501 -7357 -3702 219 4140 7798 10947 13377 14930 15506 15077 13685 11442 8523 5154 0\ny=0.5 0 576 466 386 328 287 259 241 230 224 220 219 218 219 220 224 230 241 259 287 328 386 466 576 0\ny=0.46 0 5154 8523 11442 13685 15077 15506 14930 13377 10947 7798 4140 219 -3702 -7357 -10501 -12920 -14453 -14996 -14515 -13046 -10692 -7618 -4039 0\ny=0.42 0 9386 16007 21732 26126 28859 29717 28623 25635 20946 14865 7798 220 -7357 -14424 -20504 -25187 -28161 -29231 -28331 -25534 -21045 -15187 -8380 0\ny=0.38 0 12988 22417 30562 36813 40704 41935 40399 36180 29549 20946 10947 224 -10501 -20504 -29111 -35744 -39962 -41487 -40231 -36297 -29977 -21729 -12155 0\ny=0.33 0 15717 27322 37341 45030 49819 51343 49469 44304 36180 25635 13377 230 -12920 -25187 -35744 -43883 -49062 -50944 -49418 -44613 -36888 -26808 -15112 0\ny=0.29 0 17394 30395 41617 50230 55597 57314 55232 49469 40399 28623 14930 241 -14453 -28161 -39962 -49062 -54858 -56971 -55281 -49930 -41321 -30086 -17053 0\ny=0.25 0 17908 31437 43113 52075 57665 59462 57314 51343 41935 29717 15506 259 -14996 -29231 -41487 -50944 -56971 -59179 -57440 -51904 -42988 -31352 -17853 0\ny=0.21 0 17231 30389 41742 50460 55903 57665 55597 49819 40704 28859 15077 287 -14515 -28331 -40231 -49418 -55281 -57440 -55772 -50423 -41796 -30532 -17466 0\ny=0.17 0 15416 27333 37617 45518 50460 52075 50230 45030 36813 26126 13685 328 -13046 -25534 -36297 -44613 -49930 -51904 -50423 -45616 -37850 -27703 -15930 0\ny=0.12 0 12594 22495 31042 37617 41742 43113 41617 37341 30562 21732 11442 386 -10692 -21045 -29977 -36888 -41321 -42988 -41796 -37850 -31452 -23082 -13364 0\ny=0.08 0 8961 16221 22495 27333 30389 31437 30395 27322 22417 16007 8523 466 -7618 -15187 -21729 -26808 -30086 -31352 -30532 -27703 -23082 -17018 -9968 0\ny=0.04 0 4766 8961 12594 15416 17231 17908 17394 15717 12988 9386 5154 576 -4039 -8380 -12155 -15112 -17053 -17853 -17466 -15930 -13364 -9968 -6029 0\ny=0.0 0 0 0 0 0 0 0 0 0 0 0 0 0 0 0 0 0 0 0 0 0 0 0 0 0\n","output_type":"stream"}],"execution_count":12},{"cell_type":"code","source":"from datasets import Dataset\n\nhf_dataset = Dataset.from_pandas(query_df)\nprint(hf_dataset)","metadata":{"trusted":true,"execution":{"iopub.status.busy":"2025-01-26T19:02:52.834047Z","iopub.execute_input":"2025-01-26T19:02:52.834362Z","iopub.status.idle":"2025-01-26T19:02:53.047303Z","shell.execute_reply.started":"2025-01-26T19:02:52.834337Z","shell.execute_reply":"2025-01-26T19:02:53.046400Z"}},"outputs":[{"name":"stdout","text":"Dataset({\n    features: ['prompt', 'response'],\n    num_rows: 120\n})\n","output_type":"stream"}],"execution_count":13},{"cell_type":"code","source":"\n\n# Shuffle the entire dataset (if you want to shuffle a specific split, you can access it, e.g., dataset['train'])\nshuffled_dataset = hf_dataset.shuffle(seed=42)\n\n# Split into train and test datasets (80% train, 20% test)\ntrain_test_split = shuffled_data